100 77 69
77 5
35 83 10
6 48 45
40 75 1
46 88 45
55 38 10
14 18 2
80 29 8
13 38 6
90 75 50
45 97 27
65 18 17
90 87 41
52 63 10
53 23 40
97 48 29
34 2 20
3 82 29
46 46 23
66 51 43
9 42 30
95 13 45
33 94 15
81 49 19
34 100 2
85 41 14
29 87 50
58 100 42
43 60 17
79 19 19
48 43 36
46 4 6
59 51 18
61 47 16
10 60 13
96 15 42
69 53 18
56 21 35
7 30 32
14 71 5
42 93 23
58 81 9
19 74 40
2 78 21
87 49 27
31 45 42
63 85 5
21 92 20
27 74 1
35 16 22
56 55 49
16 71 47
84 49 36
22 68 25
39 47 49
84 50 7
27 90 50
18 64 28
98 39 15
56 69 36
87 20 30
39 48 32
34 2 16
21 51 50
2 58 44
28 82 7
22 81 48
99 77 7
70 35 35
62 40 26
4 43 40
87 93 34
55 57 1
63 64 7
20 33 41
84 9 10
36 57 29
60 17 8
77 77 16
17 13 24
20 61 16
6 73 32
16 18 23
43 9 13
88 3 2
56 66 5
62 66 23
9 58 2
4 37 14
61 21 12
83 23 30
74 25 3
4 58 14
13 82 25
32 95 25
8 95 35
10 27 38
81 7 22
100 78 31
66 44 3
76 85 16
48 33 23
5 12 46
10 2 11
73 19 2
47 62 2
40 88 30
53 45 34
59 8 34
77 59 14
18 56 25
100 79 11
7 41 50
62 10 41
25 84 24
69 82 10
43 76 31
97 9 35
25 46 2
16 87 50
64 12 45
42 76 48
43 11 38
71 15 13
86 91 48
37 47 33
61 65 12
72 30 49
22 72 32
34 87 35
33 71 20
32 92 10
29 8 27
17 53 15
96 72 7
39 3 39
73 9 38
69 18 20
2 10 38
89 63 43
25 54 42
54 30 9
41 47 9
98 88 40
44 62 40
47 40 49
63 26 42
