100 97
21 19
7 77
52 3
18 55
72 100
3 5
41 45
32 42
74 71
9 25
26 77
99 88
82 90
57 70
52 63
12 34
37 91
52 49
21 58
60 25
81 18
40 76
80 62
33 40
57 43
84 92
15 86
1 43
55 12
83 78
78 79
72 69
32 76
37 28
3 39
58 38
36 53
9 24
4 60
25 73
42 80
64 77
48 57
2 60
55 99
2 26
29 85
64 16
61 50
19 41
94 73
23 9
32 55
33 9
79 36
50 13
24 73
63 13
77 42
92 69
40 37
89 26
92 53
65 7
72 7
44 78
68 30
77 67
41 70
53 74
96 99
74 46
29 52
76 37
94 31
38 50
19 99
4 86
47 26
86 90
4 85
4 6
86 45
69 35
79 3
40 65
49 60
66 69
80 78
9 16
18 9
4 6
86 70
87 78
74 91
84 16
33 37
31 4
